面板：475 家 S&P 500 公司，2009-04 ~ 2025-09，70,297 個公司月（其中 68 家在 68 家科技股名單）

== 訓練名單｜選模期｜全部：OOS R²（相對本益比不變）
h          3      6      9      12     18     24     36
方法                                                     
E_all   0.133  0.231  0.305  0.299  0.294  0.282  0.312
E_tech  0.111  0.207  0.259  0.250  0.246  0.229  0.250
rw      0.000  0.000  0.000  0.000  0.000  0.000  0.000

== 訓練名單｜選模期｜科技股名單：OOS R²（相對本益比不變）
h          3      6      9      12     18     24     36
方法                                                     
E_all   0.194  0.289  0.317  0.329  0.340  0.359  0.400
E_tech  0.180  0.285  0.309  0.331  0.342  0.330  0.347
rw      0.000  0.000  0.000  0.000  0.000  0.000  0.000

== 訓練名單｜選模期｜非科技股：OOS R²（相對本益比不變）
h          3      6      9      12     18     24     36
方法                                                     
E_all   0.122  0.219  0.303  0.293  0.284  0.265  0.295
E_tech  0.099  0.192  0.249  0.234  0.226  0.208  0.232
rw      0.000  0.000  0.000  0.000  0.000  0.000  0.000

== 訓練名單｜選模期｜全部：典型誤差（中位 |ln|）
h          3      6      9      12     18     24     36
方法                                                     
E_all   0.108  0.162  0.196  0.235  0.258  0.268  0.277
E_tech  0.113  0.168  0.213  0.254  0.276  0.291  0.296
rw      0.111  0.175  0.233  0.278  0.307  0.313  0.312

== 訓練名單｜保留期｜全部：OOS R²（相對本益比不變）
h          3      6      9      12     18     24     36
方法                                                     
E_all   0.135  0.233  0.348  0.317  0.358  0.410  0.444
E_tech  0.118  0.211  0.319  0.306  0.347  0.398  0.453
rw      0.000  0.000  0.000  0.000  0.000  0.000  0.000

== 訓練名單｜保留期｜科技股名單：OOS R²（相對本益比不變）
h          3      6      9      12     18     24     36
方法                                                     
E_all   0.159  0.282  0.378  0.358  0.387  0.429  0.503
E_tech  0.136  0.293  0.354  0.378  0.409  0.400  0.437
rw      0.000  0.000  0.000  0.000  0.000  0.000  0.000

== 訓練名單｜保留期｜非科技股：OOS R²（相對本益比不變）
h          3      6      9      12     18     24     36
方法                                                     
E_all   0.131  0.224  0.343  0.310  0.352  0.406  0.434
E_tech  0.115  0.196  0.313  0.294  0.335  0.397  0.455
rw      0.000  0.000  0.000  0.000  0.000  0.000  0.000

== 訓練名單｜保留期｜全部：典型誤差（中位 |ln|）
h          3      6      9      12     18     24     36
方法                                                     
E_all   0.117  0.163  0.188  0.212  0.239  0.242  0.246
E_tech  0.120  0.166  0.195  0.223  0.250  0.259  0.260
rw      0.120  0.173  0.215  0.252  0.274  0.296  0.328

== 額外特徵｜選模期｜全部：OOS R²（相對本益比不變）
h           6      12     24     36
方法                                 
E_all    0.224  0.297  0.283  0.290
E_all_b  0.223  0.295  0.285  0.289
rw       0.000  0.000  0.000  0.000

== 額外特徵｜選模期｜科技股名單：OOS R²（相對本益比不變）
h           6     12     24     36
方法                                
E_all    0.279  0.33  0.359  0.330
E_all_b  0.279  0.33  0.358  0.328
rw       0.000  0.00  0.000  0.000

== 額外特徵｜選模期｜非科技股：OOS R²（相對本益比不變）
h           6      12     24     36
方法                                 
E_all    0.213  0.291  0.267  0.282
E_all_b  0.213  0.288  0.270  0.281
rw       0.000  0.000  0.000  0.000

== 額外特徵｜選模期｜全部：典型誤差（中位 |ln|）
h           6      12     24     36
方法                                 
E_all    0.162  0.235  0.269  0.283
E_all_b  0.163  0.235  0.268  0.282
rw       0.175  0.278  0.313  0.318

== 額外特徵｜保留期｜全部：OOS R²（相對本益比不變）
h           6      12     24     36
方法                                 
E_all    0.228  0.318  0.413  0.444
E_all_b  0.226  0.315  0.417  0.448
rw       0.000  0.000  0.000  0.000

== 額外特徵｜保留期｜科技股名單：OOS R²（相對本益比不變）
h           6      12     24     36
方法                                 
E_all    0.275  0.358  0.429  0.503
E_all_b  0.272  0.353  0.432  0.496
rw       0.000  0.000  0.000  0.000

== 額外特徵｜保留期｜非科技股：OOS R²（相對本益比不變）
h           6      12     24     36
方法                                 
E_all    0.220  0.311  0.410  0.434
E_all_b  0.218  0.308  0.414  0.439
rw       0.000  0.000  0.000  0.000

== 額外特徵｜保留期｜全部：典型誤差（中位 |ln|）
h           6      12     24     36
方法                                 
E_all    0.163  0.212  0.242  0.246
E_all_b  0.163  0.212  0.243  0.244
rw       0.173  0.252  0.297  0.328

== 報酬假設｜選模期｜全部：OOS R²
h               6      12     24     36
方法                                     
R_CAPM beta  0.222  0.294  0.275  0.274
R_全體過去10年    0.224  0.298  0.288  0.290
R_同產業過去10年   0.224  0.298  0.288  0.286
R_資金成本       0.223  0.297  0.283  0.290
R_零          0.218  0.286  0.233  0.190
rw           0.000  0.000  0.000  0.000

== 報酬假設｜選模期｜全部：典型誤差
h               6      12     24     36
方法                                     
R_CAPM beta  0.163  0.236  0.272  0.287
R_全體過去10年    0.163  0.235  0.270  0.292
R_同產業過去10年   0.162  0.236  0.271  0.293
R_資金成本       0.162  0.235  0.269  0.283
R_零          0.166  0.241  0.295  0.327
rw           0.175  0.278  0.313  0.318

== 報酬假設｜保留期｜全部：OOS R²
h               6      12     24     36
方法                                     
R_CAPM beta  0.226  0.314  0.406  0.435
R_全體過去10年    0.225  0.314  0.412  0.439
R_同產業過去10年   0.227  0.320  0.432  0.448
R_資金成本       0.228  0.317  0.413  0.444
R_零          0.219  0.294  0.359  0.368
rw           0.000  0.000  0.000  0.000

== 報酬假設｜保留期｜全部：典型誤差
h               6      12     24     36
方法                                     
R_CAPM beta  0.163  0.211  0.239  0.243
R_全體過去10年    0.163  0.214  0.246  0.255
R_同產業過去10年   0.162  0.212  0.239  0.256
R_資金成本       0.163  0.212  0.242  0.246
R_零          0.166  0.225  0.266  0.298
rw           0.173  0.252  0.297  0.328

== 樹模型參數（組合的 OOS R²）
期間                            保留期           選模期       
h                              12     24     12     24
參數                     方法                             
大樹（31 葉、每葉 ≥200、600 輪） 新參數  0.318  0.412  0.301  0.287
                       現行   0.318  0.413  0.297  0.283
小學習率（0.03、600 輪）       新參數  0.319  0.414  0.297  0.284
                       現行   0.318  0.413  0.297  0.283

== 12 個月｜各 GICS 產業（全期 2015–2026）：典型誤差與 R²
          n  公司數  本益比不變  E_tech  E_tech_R2  E_all  E_all_R2  方向命中_all
產業                                                                   
公用事業   2350   30  0.191   0.189      0.283  0.157     0.350     0.685
必需消費   3296   33  0.202   0.190      0.244  0.175     0.268     0.650
工業     6896   73  0.231   0.203      0.309  0.197     0.303     0.676
非必需消費  4548   49  0.241   0.229      0.149  0.208     0.253     0.668
金融     6206   66  0.249   0.261      0.173  0.216     0.304     0.662
醫療保健   4845   57  0.311   0.255      0.282  0.241     0.304     0.665
原物料    2144   25  0.338   0.292      0.317  0.263     0.318     0.699
資訊科技   5921   66  0.315   0.260      0.347  0.269     0.355     0.675
通訊服務   1504   18  0.322   0.302      0.246  0.280     0.301     0.656
不動產    2666   31  0.347   0.341      0.204  0.322     0.216     0.637
能源     1165   21  0.463   0.361      0.397  0.375     0.367     0.741

== 全部 S&P 500 × 預測距離（模型＝用全部 S&P 500 訓練的組合）
            n  本益比不變     模型     改善  OOS_R2   方向命中  ±20%內  ±20%內_不變  ±30%內  ±30%內_不變  大變動時方向命中  組合比不變準
期間  h                                                                                                
選模期 3   28975  0.112  0.109 -0.026   0.127  0.599  0.691     0.679  0.802     0.791     0.703   0.551
保留期 3   17835  0.120  0.117 -0.027   0.137  0.597  0.682     0.666  0.809     0.795     0.690   0.546
全期  3   46810  0.115  0.112 -0.025   0.131  0.598  0.688     0.674  0.804     0.792     0.698   0.549
選模期 6   28587  0.175  0.162 -0.074   0.223  0.639  0.543     0.513  0.675     0.644     0.721   0.575
保留期 6   16347  0.173  0.163 -0.055   0.228  0.639  0.543     0.517  0.686     0.653     0.727   0.563
全期  6   44934  0.175  0.163 -0.068   0.225  0.639  0.543     0.515  0.679     0.648     0.723   0.571
選模期 9   28287  0.233  0.196 -0.160   0.303  0.660  0.473     0.414  0.608     0.541     0.731   0.591
保留期 9   14930  0.216  0.188 -0.127   0.346  0.665  0.488     0.440  0.632     0.573     0.747   0.575
全期  9   43217  0.226  0.193 -0.146   0.317  0.662  0.478     0.423  0.616     0.552     0.736   0.585
選模期 12  28030  0.278  0.235 -0.155   0.297  0.664  0.411     0.359  0.542     0.481     0.724   0.594
保留期 12  13536  0.252  0.212 -0.158   0.317  0.681  0.446     0.392  0.577     0.515     0.752   0.590
全期  12  41566  0.269  0.227 -0.154   0.303  0.670  0.423     0.370  0.553     0.492     0.733   0.593
選模期 18  27850  0.307  0.258 -0.159   0.294  0.671  0.386     0.329  0.506     0.444     0.724   0.592
保留期 18  10958  0.274  0.239 -0.127   0.357  0.684  0.401     0.364  0.534     0.485     0.760   0.595
全期  18  38808  0.298  0.253 -0.151   0.311  0.675  0.391     0.339  0.514     0.455     0.734   0.593
選模期 24  27788  0.313  0.269 -0.142   0.283  0.665  0.363     0.314  0.492     0.433     0.713   0.577
保留期 24   8450  0.297  0.242 -0.185   0.413  0.714  0.404     0.331  0.533     0.455     0.782   0.612
全期  24  36238  0.310  0.261 -0.156   0.314  0.676  0.373     0.318  0.501     0.438     0.729   0.585
選模期 36  27805  0.318  0.283 -0.112   0.290  0.636  0.349     0.315  0.473     0.430     0.686   0.549
保留期 36   3619  0.328  0.246 -0.250   0.444  0.723  0.391     0.310  0.524     0.423     0.798   0.626
全期  36  31424  0.320  0.278 -0.130   0.309  0.646  0.354     0.315  0.479     0.429     0.699   0.558

== 推到現在（每家公司最後 12 個月當目標）
    公司數     n  本益比不變     模型  模型較準的公司
h                                   
3   462  5294  0.113  0.115    0.487
6   458  5220  0.161  0.153    0.594
9   450  5164  0.195  0.174    0.596
12  446  5092  0.234  0.201    0.623
18  450  4963  0.256  0.224    0.627
24  437  4878  0.292  0.239    0.657
36  431  4830  0.325  0.246    0.668

== 80% 區間（全部 S&P 500，已揭曉誤差的 10–90% 分位數；涵蓋率＝走動式實測）
        n    q10    q90    涵蓋率
h                             
3   46873 -0.261  0.256  0.768
6   45381 -0.383  0.394  0.772
9   44115 -0.451  0.459  0.773
12  42681 -0.523  0.567  0.769
18  40305 -0.554  0.633  0.763
24  37793 -0.566  0.669  0.778
36  33027 -0.589  0.719  0.818
