面板：475 家 S&P 500 公司、70,297 個公司月（2009-04 ～ 2025-09）
  h= 6：有答案的配對 61,560（預測起點最晚 2025-03，答案最晚 2025-09）
  h=12：有答案的配對 59,363（預測起點最晚 2024-09，答案最晚 2025-09）
  h=18：有答案的配對 56,712（預測起點最晚 2024-03，答案最晚 2025-09）
  h=24：有答案的配對 54,205（預測起點最晚 2023-09，答案最晚 2025-09）
  h=36：有答案的配對 49,261（預測起點最晚 2022-09，答案最晚 2025-09）

== 事實：12 個月後的 EPS 變化 vs 同期股價、本益比變化（全體 S&P 500，預測起點 2009–2024，中位數）
  EPS 變化 −100% ～ -26%：n= 8,324  股價 +5%  本益比 +103%
  EPS 變化 -26% ～ -10%：n= 5,562  股價 +7%  本益比 +29%
  EPS 變化 -10% ～ +5%：n= 9,226  股價 +9%  本益比 +11%
  EPS 變化 +5% ～ +16%：n= 9,263  股價 +12%  本益比 +1%
  EPS 變化 +16% ～ +35%：n= 9,714  股價 +17%  本益比 -6%
  EPS 變化 +35% ～ +82%：n= 8,099  股價 +16%  本益比 -24%
  EPS 變化 +82% ～ 以上：n= 6,525  股價 +16%  本益比 -58%
  12 個月股價報酬的變異裡，同月份所有公司的共同部分（大盤）占 19%

== 選模期｜給定實際 EPS｜中位 |ln(預測 ÷ 實際)|（越小越好）
h            6       12      18      24      36
方法                                             
unch     0.1757  0.2804  0.3085  0.3156  0.3209
coe      0.1112  0.1601  0.1874  0.2102  0.2509
coe_dy   0.1125  0.1637  0.1920  0.2177  0.2617
lin_abs  0.1085  0.1542  0.1829  0.2057  0.2447
gbm_abs  0.1220  0.1532  0.1712  0.1875  0.2211
gbm_xs   0.1125  0.1646  0.1906  0.2118  0.2486
xs       0.1112  0.1592  0.1865  0.2065  0.2376
== 選模期｜相對「資金成本」的中位誤差變化（負＝比較準）
h           6      12     18     24     36
方法                                        
unch     0.580  0.752  0.646  0.502  0.279
coe      0.000  0.000  0.000  0.000  0.000
coe_dy   0.011  0.022  0.024  0.036  0.043
lin_abs -0.025 -0.037 -0.024 -0.021 -0.025
gbm_abs  0.097 -0.043 -0.087 -0.108 -0.119
gbm_xs   0.011  0.028  0.017  0.008 -0.009
xs      -0.000 -0.006 -0.005 -0.018 -0.053
== 選模期｜技能（1 − Σe² ÷ Σe_資金成本²，不截尾）
h           6      12     18     24     36
方法                                        
unch    -6.695 -5.732 -4.484 -3.682 -2.282
coe      0.000  0.000  0.000  0.000  0.000
coe_dy  -0.009 -0.019 -0.033 -0.044 -0.058
lin_abs -0.004  0.036  0.080  0.104  0.130
gbm_abs -0.107  0.087  0.147  0.182  0.218
gbm_xs   0.006  0.032  0.069  0.083  0.113
xs       0.008  0.018  0.044  0.075  0.118
== 選模期｜命中 ±20%（|預測 ÷ 實際 − 1| ≤ 20%）
h           6      12     18     24     36
方法                                        
unch     0.547  0.391  0.359  0.343  0.344
coe      0.772  0.608  0.539  0.492  0.420
coe_dy   0.771  0.604  0.532  0.480  0.409
lin_abs  0.758  0.605  0.532  0.484  0.413
gbm_abs  0.737  0.625  0.571  0.528  0.463
gbm_xs   0.771  0.608  0.542  0.495  0.429
xs       0.771  0.612  0.544  0.504  0.447
== 選模期｜12 個月，也知道 24 個月後 EPS 的列：coe 0.1582、xs 0.1573、xs2 0.1537（n=27358）

== 保留期｜給定實際 EPS｜中位 |ln(預測 ÷ 實際)|（越小越好）
h            6       12      18      24      36
方法                                             
unch     0.1737  0.2532  0.2759  0.2978  0.3258
coe      0.1138  0.1585  0.1966  0.2334  0.3069
coe_dy   0.1132  0.1560  0.1917  0.2266  0.3000
lin_abs  0.1174  0.1603  0.1991  0.2264  0.3067
gbm_abs  0.1255  0.1605  0.2222  0.2252  0.2686
gbm_xs   0.1135  0.1512  0.1798  0.2059  0.2657
xs       0.1130  0.1545  0.1845  0.2128  0.2736
== 保留期｜相對「資金成本」的中位誤差變化（負＝比較準）
h           6      12     18     24     36
方法                                        
unch     0.527  0.597  0.404  0.276  0.062
coe      0.000  0.000  0.000  0.000  0.000
coe_dy  -0.005 -0.016 -0.025 -0.029 -0.022
lin_abs  0.032  0.011  0.013 -0.030 -0.000
gbm_abs  0.103  0.012  0.130 -0.035 -0.125
gbm_xs  -0.002 -0.046 -0.085 -0.118 -0.134
xs      -0.006 -0.026 -0.062 -0.088 -0.109
== 保留期｜技能（1 − Σe² ÷ Σe_資金成本²，不截尾）
h           6      12     18     24     36
方法                                        
unch    -6.313 -5.752 -4.035 -3.106 -1.810
coe      0.000  0.000  0.000  0.000  0.000
coe_dy   0.010  0.013  0.013  0.014  0.026
lin_abs -0.046 -0.034 -0.017  0.055  0.053
gbm_abs -0.084 -0.006 -0.177  0.074  0.145
gbm_xs   0.005  0.049  0.112  0.160  0.193
xs       0.004  0.026  0.071  0.123  0.185
== 保留期｜命中 ±20%（|預測 ÷ 實際 − 1| ≤ 20%）
h           6      12     18     24     36
方法                                        
unch     0.551  0.422  0.400  0.363  0.343
coe      0.744  0.602  0.504  0.439  0.332
coe_dy   0.748  0.610  0.521  0.453  0.344
lin_abs  0.740  0.601  0.508  0.446  0.335
gbm_abs  0.729  0.609  0.471  0.458  0.386
gbm_xs   0.752  0.625  0.548  0.497  0.395
xs       0.746  0.613  0.531  0.475  0.385
== 保留期｜12 個月，也知道 24 個月後 EPS 的列：coe 0.1528、xs 0.1470、xs2 0.1410（n=8332）

== 全期｜給定實際 EPS｜中位 |ln(預測 ÷ 實際)|（越小越好）
h            6       12      18      24      36
方法                                             
unch     0.1751  0.2701  0.2994  0.3116  0.3215
coe      0.1122  0.1594  0.1902  0.2151  0.2565
coe_dy   0.1127  0.1611  0.1919  0.2198  0.2656
lin_abs  0.1117  0.1562  0.1872  0.2107  0.2516
gbm_abs  0.1233  0.1558  0.1835  0.1956  0.2261
gbm_xs   0.1128  0.1602  0.1880  0.2105  0.2509
xs       0.1119  0.1574  0.1859  0.2080  0.2413
== 全期｜相對「資金成本」的中位誤差變化（負＝比較準）
h           6      12     18     24     36
方法                                        
unch     0.561  0.694  0.574  0.449  0.254
coe      0.000  0.000  0.000  0.000  0.000
coe_dy   0.005  0.010  0.009  0.022  0.036
lin_abs -0.004 -0.020 -0.016 -0.021 -0.019
gbm_abs  0.100 -0.023 -0.035 -0.091 -0.118
gbm_xs   0.006  0.005 -0.011 -0.022 -0.022
xs      -0.003 -0.013 -0.023 -0.033 -0.059
== 全期｜技能（1 − Σe² ÷ Σe_資金成本²，不截尾）
h           6      12     18     24     36
方法                                        
unch    -6.557 -5.738 -4.351 -3.531 -2.212
coe      0.000  0.000  0.000  0.000  0.000
coe_dy  -0.002 -0.009 -0.019 -0.029 -0.045
lin_abs -0.019  0.014  0.052  0.091  0.119
gbm_abs -0.099  0.058  0.051  0.153  0.207
gbm_xs   0.006  0.037  0.082  0.103  0.125
xs       0.006  0.021  0.052  0.087  0.128
== 全期｜命中 ±20%（|預測 ÷ 實際 − 1| ≤ 20%）
h           6      12     18     24     36
方法                                        
unch     0.548  0.401  0.370  0.348  0.344
coe      0.762  0.606  0.529  0.480  0.410
coe_dy   0.763  0.606  0.529  0.474  0.402
lin_abs  0.751  0.604  0.525  0.475  0.404
gbm_abs  0.734  0.620  0.543  0.512  0.454
gbm_xs   0.764  0.614  0.544  0.496  0.426
xs       0.762  0.612  0.540  0.497  0.440
== 全期｜12 個月，也知道 24 個月後 EPS 的列：coe 0.1571、xs 0.1550、xs2 0.1503（n=35690）

== 今天虧損、h 個月後有盈餘的公司（全期；xs 在這裡就是資金成本）：中位 |ln 誤差|
h           6       12      18      24      36
方法                                            
coe     0.1529  0.2303  0.2897  0.3316  0.3681
gbm_xs  0.1508  0.2167  0.2592  0.2913  0.3634
xs      0.1529  0.2303  0.2897  0.3316  0.3681

== 逐年（預測起點年度）：中位 |ln 誤差|；股價報酬中位＝那一年所有公司股價報酬（ln）的中位數
 h  預測起點年    n  unch   coe  gbm_abs    xs  xs_vs_coe  gbm_abs_vs_coe  股價報酬中位
12   2012 3121 0.218 0.160    0.214 0.173      0.081           0.337   0.207
12   2013 3405 0.176 0.125    0.169 0.144      0.151           0.349   0.174
12   2014 3637 0.196 0.119    0.120 0.119      0.000           0.014   0.107
12   2015 3639 0.201 0.117    0.133 0.116     -0.002           0.145   0.069
12   2016 3711 0.206 0.149    0.121 0.146     -0.019          -0.186   0.183
12   2017 3847 0.282 0.144    0.152 0.143     -0.010           0.051   0.104
12   2018 4189 0.331 0.139    0.137 0.142      0.015          -0.017   0.113
12   2019 4361 0.259 0.172    0.167 0.167     -0.029          -0.029   0.057
12   2020 4325 0.310 0.248    0.183 0.245     -0.011          -0.262   0.295
12   2021 4638 0.375 0.175    0.182 0.177      0.010           0.043  -0.023
12   2022 4902 0.273 0.152    0.149 0.145     -0.045          -0.017   0.014
12   2023 4988 0.256 0.160    0.167 0.157     -0.022           0.041   0.129
12   2024 3835 0.231 0.165    0.168 0.165     -0.002           0.017   0.043
24   2013 3357 0.232 0.192    0.181 0.242      0.258          -0.061   0.277
24   2014 3529 0.246 0.162    0.158 0.183      0.133          -0.024   0.179
24   2015 3587 0.247 0.174    0.157 0.178      0.024          -0.097   0.244
24   2016 3668 0.330 0.232    0.180 0.234      0.007          -0.226   0.303
24   2017 3907 0.267 0.181    0.170 0.181      0.001          -0.059   0.204
24   2018 3937 0.366 0.232    0.217 0.229     -0.016          -0.066   0.177
24   2019 4268 0.337 0.238    0.208 0.237     -0.004          -0.128   0.337
24   2020 4536 0.325 0.221    0.166 0.212     -0.042          -0.249   0.263
24   2021 4516 0.344 0.202    0.221 0.185     -0.086           0.093  -0.000
24   2022 4881 0.307 0.230    0.221 0.207     -0.098          -0.040   0.130
24   2023 3689 0.287 0.239    0.232 0.218     -0.089          -0.027   0.143
12 個月｜選模期：xs 相對資金成本 -0.6%（90% 信賴區間：單月區塊 -1.2% ～ +0.5%；連續 12 個月區塊 -1.8% ～ +0.3%；84 個預測月份）
12 個月｜保留期：xs 相對資金成本 -2.6%（90% 信賴區間：單月區塊 -3.6% ～ -1.2%；連續 11 個月區塊 -5.0% ～ -0.1%；33 個預測月份）
24 個月｜選模期：xs 相對資金成本 -1.8%（90% 信賴區間：單月區塊 -2.9% ～ -0.9%；連續 24 個月區塊 -3.1% ～ +0.3%；84 個預測月份）
24 個月｜保留期：xs 相對資金成本 -8.8%（90% 信賴區間：單月區塊 -10.2% ～ -7.3%；連續 7 個月區塊 -9.1% ～ -7.6%；21 個預測月份）

== 區間寬度 ∝ 波動^α：α 在選模期挑（區間分數越低越好）
 alpha  區間分數平均  涵蓋80平均  涵蓋80_波動45以上平均
   0.4  1.1200  0.7449         0.6447
   0.5  1.1150  0.7468         0.6791
   0.6  1.1112  0.7486         0.7165
   0.7  1.1098  0.7516         0.7581
   0.8  1.1106  0.7534         0.7908
   1.0  1.1168  0.7613         0.8641
  選到 α＝0.7；正式版用 cond.BAND_ALPHA＝0.7

== 區間（xs；80% 與 50%；區間分數＝寬度 + 漏掉時的罰分，越低越好；「置中」＝誤差先減掉中位數，只留寬度、不留歷史平均偏差；正式版＝依波動^α縮放＋置中）
 h 方法         區間  alpha     n  涵蓋80  涵蓋50  寬度80_ln  區間分數  涵蓋80_低波動  涵蓋80_中波動  涵蓋80_高波動  涵蓋80_波動45以上  期間
 6 xs       全體同寬    NaN 30183 0.730 0.434    0.380 0.722     0.838     0.725     0.628        0.518 選模期
12 xs       全體同寬    NaN 30309 0.690 0.408    0.505 1.049     0.814     0.684     0.571        0.444 選模期
18 xs       全體同寬    NaN 30342 0.730 0.432    0.738 1.284     0.787     0.743     0.661        0.544 選模期
24 xs       全體同寬    NaN 26718 0.728 0.420    0.699 1.315     0.812     0.726     0.647        0.521 選模期
36 xs       全體同寬    NaN 18942 0.739 0.436    0.819 1.459     0.795     0.755     0.666        0.563 選模期
 6 xs      依波動縮放    NaN 30183 0.754 0.453    0.394 0.688     0.724     0.735     0.802        0.870 選模期
12 xs      依波動縮放    NaN 30309 0.715 0.427    0.511 0.978     0.704     0.684     0.756        0.824 選模期
18 xs      依波動縮放    NaN 30342 0.760 0.464    0.731 1.209     0.730     0.742     0.809        0.869 選模期
24 xs      依波動縮放    NaN 26718 0.761 0.457    0.736 1.272     0.707     0.744     0.833        0.888 選模期
36 xs      依波動縮放    NaN 18942 0.804 0.503    0.940 1.487     0.728     0.804     0.880        0.923 選模期
 6 xs     依波動分三組    NaN 30183 0.743 0.444    0.383 0.700     0.750     0.739     0.739        0.630 選模期
12 xs     依波動分三組    NaN 30309 0.704 0.416    0.519 1.008     0.733     0.701     0.679        0.552 選模期
18 xs     依波動分三組    NaN 30342 0.730 0.453    0.709 1.304     0.687     0.749     0.754        0.659 選模期
24 xs     依波動分三組    NaN 26718 0.738 0.439    0.749 1.290     0.718     0.763     0.734        0.600 選模期
36 xs     依波動分三組    NaN 18942 0.761 0.462    0.885 1.452     0.759     0.793     0.730        0.635 選模期
 6 xs  依波動分三組＋置中    NaN 30183 0.746 0.436    0.383 0.678     0.757     0.733     0.746        0.630 選模期
12 xs  依波動分三組＋置中    NaN 30309 0.701 0.409    0.519 0.990     0.728     0.692     0.683        0.542 選模期
18 xs  依波動分三組＋置中    NaN 30342 0.792 0.496    0.709 1.125     0.786     0.784     0.805        0.666 選模期
24 xs  依波動分三組＋置中    NaN 26718 0.727 0.431    0.749 1.331     0.701     0.752     0.729        0.595 選模期
36 xs  依波動分三組＋置中    NaN 18942 0.773 0.484    0.885 1.484     0.771     0.815     0.734        0.591 選模期
 6 xs 依波動^α縮放＋置中    0.7 30183 0.747 0.438    0.389 0.672     0.770     0.727     0.743        0.766 選模期
12 xs 依波動^α縮放＋置中    0.7 30309 0.698 0.404    0.503 0.977     0.729     0.672     0.694        0.706 選模期
18 xs 依波動^α縮放＋置中    0.7 30342 0.783 0.489    0.726 1.122     0.795     0.765     0.789        0.778 選模期
24 xs 依波動^α縮放＋置中    0.7 26718 0.732 0.441    0.716 1.314     0.710     0.718     0.769        0.734 選模期
36 xs 依波動^α縮放＋置中    0.7 18942 0.798 0.517    0.892 1.465     0.760     0.808     0.826        0.806 選模期
 6 xs       全體同寬    NaN 16914 0.763 0.452    0.437 0.713     0.836     0.794     0.659        0.596 保留期
12 xs       全體同寬    NaN 14275 0.760 0.431    0.613 0.992     0.815     0.798     0.667        0.614 保留期
18 xs       全體同寬    NaN 11686 0.740 0.424    0.764 1.307     0.781     0.775     0.663        0.568 保留期
24 xs       全體同寬    NaN  9081 0.683 0.373    0.749 1.532     0.706     0.730     0.611        0.514 保留期
36 xs       全體同寬    NaN  3857 0.634 0.358    0.896 1.973     0.644     0.672     0.587        0.510 保留期
 6 xs      依波動縮放    NaN 16914 0.844 0.535    0.500 0.710     0.802     0.852     0.879        0.904 保留期
12 xs      依波動縮放    NaN 14275 0.841 0.524    0.696 1.002     0.782     0.858     0.882        0.898 保留期
18 xs      依波動縮放    NaN 11686 0.827 0.512    0.904 1.332     0.760     0.834     0.887        0.899 保留期
24 xs      依波動縮放    NaN  9081 0.794 0.468    0.958 1.539     0.705     0.816     0.861        0.866 保留期
36 xs      依波動縮放    NaN  3857 0.752 0.441    1.223 1.990     0.653     0.764     0.840        0.843 保留期
 6 xs     依波動分三組    NaN 16914 0.811 0.501    0.530 0.711     0.807     0.865     0.760        0.700 保留期
12 xs     依波動分三組    NaN 14275 0.812 0.495    0.757 1.000     0.789     0.871     0.777        0.729 保留期
18 xs     依波動分三組    NaN 11686 0.790 0.496    0.994 1.325     0.768     0.840     0.760        0.679 保留期
24 xs     依波動分三組    NaN  9081 0.741 0.434    0.955 1.527     0.722     0.801     0.700        0.607 保留期
36 xs     依波動分三組    NaN  3857 0.675 0.401    1.082 1.981     0.668     0.717     0.639        0.562 保留期
 6 xs  依波動分三組＋置中    NaN 16914 0.833 0.527    0.530 0.676     0.831     0.886     0.782        0.718 保留期
12 xs  依波動分三組＋置中    NaN 14275 0.845 0.551    0.757 0.948     0.825     0.904     0.808        0.743 保留期
18 xs  依波動分三組＋置中    NaN 11686 0.854 0.590    0.994 1.212     0.831     0.913     0.818        0.728 保留期
24 xs  依波動分三組＋置中    NaN  9081 0.804 0.511    0.955 1.382     0.790     0.873     0.749        0.641 保留期
36 xs  依波動分三組＋置中    NaN  3857 0.773 0.482    1.082 1.700     0.791     0.814     0.713        0.641 保留期
 6 xs 依波動^α縮放＋置中    0.7 16914 0.839 0.532    0.473 0.664     0.835     0.848     0.834        0.843 保留期
12 xs 依波動^α縮放＋置中    0.7 14275 0.841 0.546    0.658 0.930     0.820     0.854     0.848        0.840 保留期
18 xs 依波動^α縮放＋置中    0.7 11686 0.859 0.573    0.852 1.184     0.832     0.879     0.866        0.846 保留期
24 xs 依波動^α縮放＋置中    0.7  9081 0.818 0.529    0.881 1.355     0.775     0.852     0.828        0.796 保留期
36 xs 依波動^α縮放＋置中    0.7  3857 0.821 0.532    1.105 1.672     0.772     0.844     0.848        0.852 保留期

== EPS 有誤差時（xs，2015 以後全部預測起點）：EPS 乘上 exp(N(0, σ))
 h  EPS誤差     n  股價中位絕對誤差  股價命中20  本益比中位絕對誤差
12    0.0 44584    0.1603  0.6049     0.1603
12    0.1 44584    0.1604  0.6044     0.1758
12    0.2 44584    0.1602  0.6045     0.2110
12    0.3 44584    0.1604  0.6040     0.2582
24    0.0 39552    0.2136  0.4857     0.2136
24    0.1 39552    0.2138  0.4846     0.2229
24    0.2 39552    0.2139  0.4835     0.2490
24    0.3 39552    0.2162  0.4792     0.2843

== 涵蓋率（預測起點 2015 以後、兩端都有股價的公司月）：目標日虧損的列本益比沒有定義，不在上面的評分裡；它們的股價誤差（資金成本）另列
 h  兩端都有股價   可評分  目標日虧損  目標日沒有財報  其中今天虧損  股價誤差_可評分  股價誤差_目標日虧損
 6   50947 47097   3841        9    1318    0.1130      0.1725
12   48151 44584   3552       15    2140    0.1622      0.2618
18   45305 42028   3262       15    2412    0.1940      0.2948
24   42545 39552   2978       15    2548    0.2208      0.3535
36   37047 34585   2447       15    2489    0.2626      0.4333

== 倖存者偏誤檢查：依「預測當時是不是 S&P 500 成分股」分開算（歷史成分股：github.com/fja05680/sp500）
 期間  h           樣本     n   unch    coe     xs  xs_vs_coe  股價報酬中位
選模期  6      當時已是成分股 24935 0.1774 0.1085 0.1088     0.0021  0.0535
選模期  6 當時還不是（之後才加入）  4295 0.1707 0.1266 0.1244    -0.0176  0.1060
選模期 12      當時已是成分股 24489 0.2847 0.1546 0.1547     0.0008  0.0961
選模期 12 當時還不是（之後才加入）  4221 0.2576 0.1939 0.1862    -0.0395  0.2060
選模期 18      當時已是成分股 24308 0.3110 0.1782 0.1785     0.0017  0.1406
選模期 18 當時還不是（之後才加入）  4174 0.2971 0.2455 0.2434    -0.0085  0.3099
選模期 24      當時已是成分股 24240 0.3131 0.1982 0.1944    -0.0188  0.1854
選模期 24 當時還不是（之後才加入）  4179 0.3289 0.3017 0.3005    -0.0040  0.4176
選模期 36      當時已是成分股 24163 0.3149 0.2310 0.2173    -0.0592  0.2654
選模期 36 當時還不是（之後才加入）  4257 0.3476 0.3936 0.3816    -0.0305  0.5681
保留期  6      當時已是成分股 15931 0.1698 0.1121 0.1113    -0.0074  0.0225
保留期  6 當時還不是（之後才加入）   612 0.2952 0.1819 0.1858     0.0217  0.1645
保留期 12      當時已是成分股 13165 0.2467 0.1544 0.1506    -0.0245  0.0561
保留期 12 當時還不是（之後才加入）   560 0.4894 0.2833 0.2687    -0.0513  0.3028
保留期 18      當時已是成分股 10623 0.2682 0.1913 0.1811    -0.0535  0.0926
保留期 18 當時還不是（之後才加入）   496 0.5344 0.3603 0.3411    -0.0531  0.4285
保留期 24      當時已是成分股  8147 0.2900 0.2271 0.2064    -0.0910  0.1214
保留期 24 當時還不是（之後才加入）   423 0.6147 0.4367 0.4065    -0.0693  0.5539
保留期 36      當時已是成分股  3426 0.3116 0.2981 0.2629    -0.1179  0.1271
保留期 36 當時還不是（之後才加入）   236 0.8289 0.4824 0.4395    -0.0889  0.6273

== 向基準收縮（中位 |ln 誤差|）：λ＝0 就是基準本身、λ＝1 就是 xs；λ 在選模期挑
 h   基準  選到的λ  選模期_λ=0.0  選模期_λ=0.25  選模期_λ=0.5  選模期_λ=0.75  選模期_λ=1.0  選模期_λ=1.25  選模期_λ=1.5  保留期_選到的λ  保留期_λ1_xs  保留期_λ0_基準
 6  coe  0.50     0.1112      0.1108     0.1106      0.1109     0.1112      0.1116     0.1117    0.1128     0.1130     0.1138
 6 unch  1.00     0.1757      0.1566     0.1388      0.1228     0.1112      0.1261     0.1488    0.1130     0.1130     0.1737
12  coe  1.00     0.1601      0.1596     0.1595      0.1592     0.1592      0.1592     0.1601    0.1545     0.1545     0.1585
12 unch  1.00     0.2804      0.2428     0.2079      0.1775     0.1592      0.1829     0.2242    0.1545     0.1545     0.2532
18  coe  0.50     0.1874      0.1863     0.1858      0.1859     0.1865      0.1879     0.1898    0.1885     0.1845     0.1966
18 unch  1.00     0.3085      0.2685     0.2329      0.2020     0.1865      0.2109     0.2567    0.1845     0.1845     0.2759
24  coe  0.75     0.2102      0.2077     0.2055      0.2053     0.2065      0.2081     0.2111    0.2146     0.2128     0.2334
24 unch  1.00     0.3156      0.2776     0.2438      0.2173     0.2065      0.2304     0.2855    0.2128     0.2128     0.2978
36  coe  1.00     0.2509      0.2438     0.2401      0.2378     0.2376      0.2387     0.2427    0.2736     0.2736     0.3069
36 unch  1.00     0.3209      0.2851     0.2570      0.2404     0.2376      0.2657     0.3195    0.2736     0.2736     0.3258

== 本益比方向命中率（給定實際 EPS；平手算錯）
 期間  h     n  永遠猜跌  永遠猜漲   coe    xs
選模期  6 29230 0.510 0.490 0.749 0.749
選模期 12 28710 0.512 0.488 0.775 0.776
選模期 18 28482 0.508 0.492 0.769 0.768
選模期 24 28419 0.514 0.486 0.755 0.757
選模期 36 28420 0.515 0.485 0.731 0.727
保留期  6 16543 0.509 0.491 0.740 0.738
保留期 12 13725 0.486 0.514 0.756 0.756
保留期 18 11119 0.454 0.546 0.729 0.740
保留期 24  8570 0.437 0.563 0.719 0.736
保留期 36  3662 0.460 0.540 0.676 0.693
