面板：68 家科技股，2009-06 ~ 2026-09，11,149 個公司月

== 選模期｜各方法 中位絕對誤差（ln，0.25 ≈ ±25%；共同樣本）
h            3      6      9      12     18     24     36
方法                                                       
ens       0.121  0.176  0.231  0.262  0.284  0.287  0.281
ens3      0.121  0.177  0.231  0.266  0.284  0.289  0.290
gbm       0.131  0.193  0.233  0.272  0.311  0.328  0.380
gbm_z     0.125  0.194  0.243  0.272  0.300  0.313  0.311
huber     0.125  0.195  0.252  0.295  0.324  0.339  0.307
run_rate  0.206  0.219  0.254  0.301  0.332  0.333  0.365
rw        0.124  0.197  0.265  0.313  0.340  0.341  0.320

== 選模期｜各方法 OOS R²（相對隨機漫步；> 0 ＝ 比「本益比不變」好）
h            3      6      9      12     18     24     36
方法                                                       
ens       0.228  0.292  0.314  0.291  0.290  0.288  0.330
ens3      0.228  0.291  0.314  0.286  0.290  0.289  0.300
gbm       0.095  0.206  0.240  0.196  0.183  0.134 -0.014
gbm_z     0.134  0.212  0.227  0.234  0.228  0.252  0.221
huber     0.143  0.193  0.225  0.126  0.121  0.046  0.154
run_rate -1.135 -0.136  0.078  0.023 -0.008 -0.005 -0.149
rw        0.000  0.000  0.000  0.000  0.000  0.000  0.000

== 選模期｜舊模型 vs 組合（只在 6/12/24/36 月）OOS R²
h        6      12     24     36
方法                              
ens   0.282  0.303  0.309  0.347
ens3  0.279  0.298  0.296  0.314
old   0.205  0.220  0.207  0.249
rw    0.000  0.000  0.000  0.000

== 選模期｜加「自己過去 5 年／同業／全體中位本益比」特徵 OOS R²
h             3      6      9      12     18     24     36
方法                                                        
ens3       0.189  0.275  0.293  0.302  0.311  0.301  0.314
ens3_hist  0.180  0.267  0.301  0.306  0.320  0.290  0.324
rw         0.000  0.000  0.000  0.000  0.000  0.000  0.000

== 保留期｜各方法 中位絕對誤差（ln，0.25 ≈ ±25%；共同樣本）
h            3      6      9      12     18     24     36
方法                                                       
ens       0.130  0.198  0.225  0.244  0.282  0.321  0.334
ens3      0.130  0.200  0.225  0.245  0.282  0.314  0.336
gbm       0.133  0.194  0.226  0.269  0.328  0.388  0.458
gbm_z     0.141  0.221  0.254  0.257  0.289  0.305  0.329
huber     0.130  0.194  0.237  0.267  0.268  0.296  0.319
run_rate  0.187  0.209  0.238  0.271  0.296  0.342  0.429
rw        0.133  0.204  0.255  0.294  0.320  0.339  0.438

== 保留期｜各方法 OOS R²（相對隨機漫步；> 0 ＝ 比「本益比不變」好）
h            3      6      9      12     18     24     36
方法                                                       
ens       0.132  0.232  0.304  0.308  0.313  0.302  0.356
ens3      0.132  0.207  0.304  0.297  0.313  0.327  0.374
gbm       0.097  0.178  0.246  0.221  0.214  0.127  0.149
gbm_z     0.108  0.124  0.222  0.223  0.243  0.298  0.309
huber     0.078  0.172  0.266  0.247  0.317  0.323  0.390
run_rate -0.931 -0.115  0.086  0.024  0.009  0.030  0.033
rw        0.000  0.000  0.000  0.000  0.000  0.000  0.000

== 保留期｜舊模型 vs 組合（只在 6/12/24/36 月）OOS R²
h        6      12     24     36
方法                              
ens   0.263  0.340  0.365  0.424
ens3  0.239  0.332  0.381  0.435
old   0.152  0.270  0.207  0.301
rw    0.000  0.000  0.000  0.000

== 保留期｜加「自己過去 5 年／同業／全體中位本益比」特徵 OOS R²
h             3      6      9      12     18     24     36
方法                                                        
ens3       0.126  0.239  0.318  0.319  0.356  0.382  0.435
ens3_hist  0.127  0.242  0.348  0.347  0.390  0.400  0.428
rw         0.000  0.000  0.000  0.000  0.000  0.000  0.000

== 最終組合 × 預測距離（誤差＝中位 |ln 預測 − ln 實際|）
           n  隨機漫步_誤差  組合_誤差     改善  OOS_R2   方向命中  盈餘全知_誤差  拿到可預測部分  大盤共同誤差占比
期間  h                                                                         
選模期 3   4472    0.128  0.125 -0.018   0.188  0.609    0.094    0.071     0.048
保留期 3   2717    0.136  0.133 -0.018   0.130  0.594    0.109    0.093     0.052
全期  3   7189    0.131  0.128 -0.022   0.167  0.603    0.099    0.090     0.050
選模期 6   4421    0.201  0.180 -0.102   0.279  0.650    0.139    0.329     0.055
保留期 6   2504    0.208  0.200 -0.036   0.263  0.638    0.148    0.125     0.064
全期  6   6925    0.203  0.188 -0.074   0.273  0.646    0.142    0.244     0.059
選模期 9   4420    0.274  0.240 -0.123   0.292  0.659    0.182    0.365     0.079
保留期 9   2301    0.261  0.229 -0.123   0.318  0.659    0.181    0.402     0.051
全期  9   6721    0.269  0.236 -0.125   0.300  0.659    0.181    0.382     0.072
選模期 12  4390    0.329  0.273 -0.169   0.301  0.671    0.219    0.502     0.082
保留期 12  2096    0.301  0.250 -0.169   0.327  0.684    0.193    0.471     0.035
全期  12  6486    0.321  0.264 -0.178   0.309  0.675    0.212    0.522     0.071
選模期 18  4374    0.360  0.293 -0.184   0.311  0.686    0.266    0.709     0.080
保留期 18  1718    0.335  0.289 -0.139   0.356  0.672    0.225    0.421     0.029
全期  18  6092    0.350  0.292 -0.167   0.323  0.682    0.256    0.617     0.077
選模期 24  4341    0.364  0.299 -0.179   0.311  0.691    0.303    1.063     0.075
保留期 24  1368    0.350  0.326 -0.068   0.366  0.678    0.264    0.277     0.026
全期  24  5709    0.362  0.305 -0.157   0.324  0.688    0.291    0.801     0.081
選模期 36  3864    0.336  0.285 -0.153   0.347  0.687    0.333   16.168     0.026
保留期 36   664    0.454  0.344 -0.242   0.424  0.726    0.359    1.151     0.101
全期  36  4528    0.353  0.295 -0.162   0.361  0.692    0.336    3.399     0.045

== 80% 區間走動式實測（每年用當時已揭曉的誤差畫區間）
       n  實測涵蓋率  區間下緣中位  區間上緣中位
h                              
3   6624  0.791  -0.239   0.344
6   5872  0.775  -0.316   0.547
9   5722  0.786  -0.384   0.751
12  5517  0.782  -0.420   0.888
18  4556  0.787  -0.446   1.044
24  4186  0.813  -0.435   1.354
36  2098  0.790  -0.479   0.845

== 用過去推到「現在」：每家公司資料的最後 12 個月／最後 1 個月當目標
           公司數    n  隨機漫步_誤差  組合_誤差     改善  組合贏的公司比例
窗口     h                                            
最後12個月 3    67  769    0.132  0.140  0.063     0.463
最後1個月  3    64   64    0.118  0.151  0.275     0.453
最後12個月 6    66  765    0.221  0.203 -0.080     0.636
最後1個月  6    63   63    0.176  0.197  0.122     0.365
最後12個月 9    66  760    0.260  0.211 -0.190     0.621
最後1個月  9    63   63    0.221  0.200 -0.097     0.524
最後12個月 12   64  749    0.319  0.257 -0.194     0.719
最後1個月  12   63   63    0.304  0.258 -0.151     0.603
最後12個月 18   63  723    0.336  0.294 -0.125     0.587
最後1個月  18   62   62    0.324  0.337  0.039     0.645
最後12個月 24   62  707    0.344  0.325 -0.054     0.516
最後1個月  24   59   59    0.341  0.313 -0.080     0.458
最後12個月 36   63  718    0.421  0.337 -0.199     0.730
最後1個月  36   58   58    0.642  0.387 -0.397     0.707

== 同上，舊模型 vs 組合（共同樣本）
           公司數    n  隨機漫步_誤差  舊模型_誤差  組合_誤差  舊模型贏RW的公司比例  組合贏RW的公司比例
窗口     h                                                            
最後12個月 6    66  764    0.220   0.210  0.202        0.652       0.636
最後1個月  6    63   63    0.176   0.207  0.197        0.381       0.365
最後12個月 12   63  738    0.312   0.255  0.253        0.603       0.730
最後1個月  12   62   62    0.301   0.241  0.255        0.597       0.613
最後12個月 24   62  707    0.344   0.377  0.325        0.468       0.516
最後1個月  24   59   59    0.341   0.434  0.313        0.424       0.458
最後12個月 36   63  718    0.421   0.345  0.337        0.635       0.730
最後1個月  36   58   58    0.642   0.468  0.387        0.552       0.707

== 12 個月｜各產業（全期 2015–2026）
               n  隨機漫步_誤差  組合_誤差     改善
sector                                 
hardware    1599    0.336  0.273 -0.189
internet     941    0.303  0.250 -0.174
itservices   690    0.232  0.192 -0.174
memory       215    0.689  0.542 -0.213
semicap      462    0.370  0.283 -0.235
semis       1209    0.342  0.291 -0.150
software    1370    0.300  0.242 -0.191

== 核心本益比（市值 ÷ 營業利益TTM×0.85）× 預測距離
           n  隨機漫步_誤差  組合_誤差     改善  OOS_R2   方向命中  盈餘全知_誤差  拿到可預測部分  大盤共同誤差占比
期間  h                                                                         
選模期 3   4495    0.113  0.111 -0.020   0.102  0.609    0.096    0.133     0.055
保留期 3   2627    0.126  0.120 -0.050   0.157  0.584    0.108    0.348     0.070
全期  3   7122    0.118  0.114 -0.028   0.123  0.600    0.100    0.194     0.063
選模期 6   4473    0.168  0.157 -0.064   0.236  0.650    0.142    0.403     0.061
保留期 6   2421    0.180  0.176 -0.020   0.217  0.604    0.148    0.113     0.088
全期  6   6894    0.172  0.163 -0.051   0.230  0.634    0.144    0.314     0.071
選模期 9   4469    0.218  0.197 -0.093   0.274  0.663    0.185    0.628     0.082
保留期 9   2231    0.219  0.203 -0.072   0.264  0.633    0.183    0.446     0.087
全期  9   6700    0.218  0.199 -0.085   0.271  0.653    0.185    0.565     0.084
選模期 12  4451    0.254  0.225 -0.112   0.284  0.663    0.225    0.988     0.079
保留期 12  2043    0.240  0.215 -0.105   0.263  0.643    0.196    0.572     0.059
全期  12  6494    0.250  0.223 -0.108   0.278  0.657    0.217    0.835     0.072
選模期 18  4449    0.300  0.255 -0.149   0.324  0.678    0.273    1.630     0.096
保留期 18  1672    0.276  0.247 -0.102   0.240  0.666    0.228    0.588     0.045
全期  18  6121    0.294  0.253 -0.141   0.302  0.675    0.260    1.209     0.084
選模期 24  4413    0.310  0.267 -0.139   0.309  0.663    0.303    6.798     0.088
保留期 24  1330    0.323  0.273 -0.155   0.336  0.701    0.261    0.819     0.036
全期  24  5743    0.313  0.268 -0.143   0.316  0.672    0.293    2.223     0.081
選模期 36  3859    0.320  0.281 -0.123   0.307  0.660    0.332      NaN     0.047
保留期 36   649    0.376  0.301 -0.200   0.363  0.743    0.359    4.403     0.097
全期  36  4508    0.328  0.283 -0.137   0.317  0.672    0.334      NaN     0.057
