樣本外期間 2025-12 → 2026-09；有財報＋股價的公司 3143 家
各指數涵蓋（2026-09 成分股中，有資料的家數）：S&P 500 445/480、Nasdaq-100 93/110、S&P 400 中型股 370/400、S&P 600 小型股 561/603、Russell 2000 1581/1975

== 樣本外（2025-12 → 2026-09）× 指數 × 預測距離
                公司數     n  本益比不變     模型     改善  OOS_R2   方向命中  模型較準的公司  市值中位_億美元
群組           h                                                                  
S&P 500      3  421  2886  0.134  0.131 -0.028   0.118  0.574    0.563   436.874
             6  417  1631  0.190  0.178 -0.063   0.207  0.621    0.578   434.398
             9  406   406  0.222  0.207 -0.067   0.268  0.618    0.562   434.473
Nasdaq-100   3   83   560  0.157  0.160  0.017   0.131  0.550    0.602   880.051
             6   81   317  0.238  0.217 -0.088   0.187  0.568    0.519   842.898
             9   78    78  0.277  0.275 -0.009   0.251  0.551    0.513   852.849
S&P 400 中型股  3  340  2297  0.153  0.151 -0.014   0.108  0.590    0.512    81.805
             6  338  1299  0.227  0.207 -0.085   0.244  0.614    0.607    80.447
             9  323   323  0.249  0.220 -0.115   0.341  0.610    0.560    80.318
S&P 600 小型股  3  458  2955  0.169  0.161 -0.048   0.122  0.605    0.598    28.295
             6  428  1638  0.250  0.231 -0.076   0.236  0.629    0.582    27.302
             9  403   403  0.320  0.284 -0.112   0.331  0.623    0.568    26.834
Russell 2000 3  997  6254  0.165  0.158 -0.041   0.099  0.614    0.589    13.470
             6  909  3379  0.231  0.215 -0.067   0.230  0.635    0.596    13.650
             9  822   822  0.278  0.244 -0.120   0.297  0.645    0.574    13.706
其他           3  220  1252  0.187  0.196  0.045  -0.141  0.564    0.477     2.099
             6  184   637  0.235  0.239  0.018  -0.044  0.576    0.543     3.691
             9  147   147  0.305  0.245 -0.197   0.335  0.667    0.585     8.339
